97	260
105	290
97	254
108	271
97	240
98	263
102	265
98	272
93	273
104	271
100	268
95	272
100	265
91	251
103	255
99	253
104	269
102	282
108	265
106	281
110	277
92	259
94	260
102	285
95	279
100	269
103	260
94	244
92	264
103	285
101	252
97	260
91	273
105	271
116	297
104	289
104	297
90	257
106	288
90	252
109	290
104	267
92	263
105	278
106	277
108	272
101	267
106	290
111	286
98	271
101	271
100	246
107	265
105	296
95	267
107	267
105	301
98	257
93	265
102	277
106	280
98	275
108	280
101	274
112	295
96	293
100	287
91	277
104	276
106	272
100	272
99	251
95	249
104	280
102	253
101	266
104	266
106	290
107	289
100	261
105	280
104	285
101	283
105	280
97	270
103	290
105	277
101	256
107	280
105	278
105	286
103	260
97	265
103	255
98	269
104	258
105	272
114	280
95	272
93	249
100	267
97	264
103	277
110	277
101	265
102	255
103	265
110	252
99	252
104	270
113	294
97	265
102	274
99	268
106	266
100	279
103	281
98	248
100	262
106	281
104	287
109	264
111	287
103	276
110	278
96	263
102	268
106	290
100	267
105	263
104	285
102	277
98	267
104	276
100	287
98	261
102	277
101	281
99	275
92	242
115	289
104	268
105	264
106	281
104	280
106	269
95	252
106	273
99	250
100	280
99	263
94	255
110	289
100	257
104	255
104	300
98	258
105	292
100	270
99	273
101	261
102	263
96	267
111	279
99	278
96	257
103	273
110	298
112	296
101	279
97	251
96	280
97	265
100	277
95	249
103	266
97	263
103	264
101	302
100	279
97	267
100	271
99	266
102	288
109	270
97	273
113	268
100	263
94	261
103	282
105	289
96	256
97	276
95	259
104	270
113	303
102	280
106	281
107	287
101	274
98	272
97	266
110	261
110	262
106	287
101	267
98	283
106	282
104	251
107	274
98	261
105	276
99	281
110	297
102	287
97	255
105	261
105	281
110	293
104	275
104	297
105	279
105	296
109	279
97	257
89	256
104	283
102	270
97	263
98	267
106	276
99	255
98	260
105	287
112	280
99	257
104	284
99	255
92	263
110	273
101	287
96	260
101	268
104	275
102	277
106	293
98	260
92	241
93	256
98	263
106	284
105	276
112	302
100	251
99	262
94	256
108	262
97	280
97	265
104	275
96	253
93	256
95	252
97	265
101	259
105	278
110	288
102	272
105	262
100	269
100	261
102	256
112	268
99	262
105	279
100	268
99	283
100	276
93	257
100	276
102	279
98	260
99	263
115	290
105	269
99	288
110	275
105	266
102	265
102	282
101	271
92	276
98	273
102	273
103	276
100	272
101	272
102	279
95	263
103	253
99	269
99	279
105	282
96	272
100	257
93	258
106	263
99	264
99	265
111	287
91	258
102	265
97	264
95	247
97	271
108	285
102	275
101	280
100	267
99	245
97	252
95	246
103	272
102	268
95	241
102	259
99	250
95	264
101	262
108	285
95	271
106	260
94	271
96	259
103	276
113	304
103	279
100	258
107	272
103	267
100	267
101	255
102	263
101	268
97	265
97	259
96	261
111	269
99	262
99	263
106	280
105	278
108	279
97	260
100	271
103	252
110	292
102	274
97	266
106	257
101	252
98	262
96	254
101	263
94	265
97	256
105	267
96	276
98	266
99	282
101	262
99	267
113	263
108	282
103	275
99	278
94	238
105	263
92	261
101	272
98	249
98	270
109	281
97	261
102	266
98	254
102	270
102	278
106	260
106	281
100	277
109	295
94	263
100	258
102	278
103	271
104	276
96	259
95	273
102	274
107	278
105	287
98	267
103	275
95	261
95	244
96	270
103	271
99	265
100	272
108	278
120	303
100	290
104	270
93	278
95	275
106	301
100	256
97	262
105	274
97	297
103	279
100	273
103	277
101	275
95	262
100	280
101	265
93	259
103	283
95	245
93	249
98	266
99	257
96	262
99	248
100	270
106	292
100	275
109	283
102	277
102	272
109	285
105	280
106	286
90	249
98	267
105	273
102	264
105	277
111	294
100	269
96	266
98	275
96	251
102	294
100	249
118	290
94	250
105	278
103	261
109	280
94	270
106	287
104	286
100	278
95	265
87	258
106	256
93	257
97	273
100	263
103	268
105	262
104	278
102	272
102	255
103	275
104	287
101	258
97	282
101	261
101	288
101	258
101	265
106	271
106	272
104	255
97	268
109	293
100	262
95	263
101	271
95	252
110	267
106	276
98	286
109	282
103	267
101	269
107	287
99	268
101	263
108	291
93	272
97	246
105	274
96	270
96	279
100	273
93	252
97	277
101	264
97	277
101	277
101	268
97	272
100	280
105	279
100	272
96	258
95	271
101	274
103	279
104	255
97	254
106	286
103	278
106	257
96	252
104	269
103	273
101	275
103	283
103	272
106	275
92	256
104	270
98	267
102	253
99	274
105	268
107	274
99	275
97	265
99	262
110	299
104	263
106	285
102	279
90	252
108	286
92	258
102	287
103	272
104	265
100	277
106	263
96	266
102	276
100	276
97	281
89	270
92	252
105	281
101	268
89	246
103	264
99	265
108	281
104	276
106	293
96	257
105	284
104	258
100	261
100	270
95	247
102	282
91	241
106	280
94	271
103	270
106	258
103	266
107	283
102	278
99	271
101	294
111	300
97	236
98	273
91	259
99	291
96	264
92	271
102	266
99	263
102	281
102	274
103	277
102	265
100	276
98	262
105	274
106	277
95	253
98	260
102	272
102	282
102	268
106	291
93	257
94	259
103	262
102	272
95	264
96	260
102	268
109	259
92	258
96	256
99	263
105	284
103	271
93	260
102	300
101	256
115	294
112	305
104	287
101	254
96	265
92	254
113	278
100	277
95	266
92	261
95	268
105	283
101	256
103	283
100	275
105	271
99	256
102	274
103	272
96	257
105	290
108	289
100	288
92	259
98	270
99	272
98	264
95	253
103	273
98	265
104	297
105	276
102	271
101	265
100	269
109	272
98	270
101	267
99	263
106	265
105	271
99	274
94	274
97	267
93	254
99	264
107	291
95	247
101	271
99	280
98	267
94	261
106	280
107	272
99	273
106	288
100	269
103	281
104	287
106	283
100	291
110	267
101	252
101	281
105	276
96	257
99	283
102	282
102	259
106	295
105	277
98	270
95	256
99	260
97	257
105	275
105	276
108	273
93	268
103	283
101	278
104	258
90	263
113	271
102	264
95	272
99	272
101	271
92	268
101	283
102	270
105	274
101	268
100	284
99	275
93	258
103	279
107	282
97	273
96	262
100	261
92	254
101	274
102	270
111	265
101	274
102	264
98	264
93	267
94	260
102	276
105	286
104	269
105	294
101	263
99	266
111	300
103	287
107	287
101	255
115	290
95	257
97	247
96	263
110	280
103	286
105	281
93	249
97	261
104	288
109	272
96	281
113	309
93	256
101	265
111	292
97	261
108	279
100	279
98	280
94	253
96	256
95	255
101	261
100	251
87	242
96	252
99	268
99	261
100	260
102	278
94	267
119	296
95	268
106	255
98	267
100	276
104	287
110	284
103	296
102	248
100	270
98	264
102	269
97	271
100	254
101	269
108	292
95	268
91	258
90	265
101	273
100	289
98	268
98	273
97	265
101	292
104	266
99	258
105	278
96	255
100	276
97	277
99	267
105	257
99	271
110	278
101	268
99	268
108	279
97	256
104	273
88	262
113	273
103	273
97	278
99	262
96	262
95	260
97	260
99	268
91	244
98	269
95	277
92	250
98	273
91	255
107	288
100	266
106	290
105	295
100	278
100	269
122	304
98	288
96	265
94	237
97	264
100	275
99	273
97	263
103	287
102	267
103	274
102	268
97	265
98	273
98	280
94	257
97	254
104	284
95	253
97	269
96	257
97	260
103	285
93	274
89	259
102	268
95	276
100	260
94	266
102	275
111	267
96	265
103	275
106	284
106	283
110	283
102	271
100	262
92	264
115	308
102	271
106	269
106	275
98	266
97	269
100	269
100	252
94	268
108	263
106	271
97	270
106	284
102	268
103	281
98	266
98	264
97	258
92	263
106	273
97	276
94	253
96	249
94	250
102	290
100	283
100	261
95	266
102	281
94	275
101	261
110	276
97	256
100	274
98	235
95	274
105	278
97	293
101	267
96	251
110	281
105	265
98	274
91	281
103	278
109	272
99	278
89	250
102	280
101	250
100	269
99	264
102	282
99	264
97	273
92	255
107	273
100	266
100	275
96	271
100	265
103	267
93	256
103	279
102	272
109	274
118	310
95	278
109	295
98	260
94	265
96	277
108	274
108	272
101	270
101	270
97	255
95	255
98	280
110	274
107	284
95	269
95	259
105	270
100	244
104	276
107	291
97	272
98	264
94	240
96	253
92	273
88	252
97	270
104	264
102	289
103	281
101	273
96	273
98	262
100	264
101	277
102	258
96	255
105	276
103	271
99	267
103	278
101	275
95	251
102	279
95	249
105	274
101	286
98	254
93	243
95	262
103	272
97	266
99	281
101	253
96	270
102	273
98	273
99	256
99	280
96	278
101	265
97	261
110	308
98	263
101	271
98	274
109	275
102	273
98	265
102	265
99	281
100	275
92	253
101	283
114	262
94	271
100	252
95	267
93	250
98	289
109	288
105	266
102	257
107	276
107	287
107	291
106	278
93	256
101	269
110	307
99	239
98	267
96	267
97	265
101	275
102	279
104	295
103	282
97	262
99	272
101	304
97	262
99	280
92	260
99	270
102	267
101	267
91	256
98	275
109	289
105	282
104	276
101	286
110	267
108	279
95	274
100	267
92	250
100	276
92	257
104	287
105	272
80	233
100	257
94	264
106	280
100	259
103	280
99	274
107	287
100	272
99	252
98	262
106	283
113	275
95	250
99	271
94	246
95	260
100	272
110	277
96	262
105	265
97	262
99	244
100	264
104	260
99	272
99	284
103	272
98	258
97	268
103	268
104	268
101	262
98	256
95	251
96	278
104	268
102	269
101	263
106	291
90	250
96	261
103	267
103	278
95	260
99	267
94	264
102	266
104	265
102	265
102	276
91	260
93	263
95	266
96	252
103	264
95	252
105	262
104	276
99	240
103	283
97	262
101	271
95	269
94	269
104	262
103	268
96	249
95	256
94	277
105	282
95	262
115	266
95	266
97	292
106	292
95	270
104	269
102	250
104	255
102	275
92	267
105	272
109	271
97	267
113	279
101	257
98	250
99	277
102	276
105	279
99	275
111	289
103	281
100	263
96	240
95	281
89	248
98	258
101	270
92	254
99	253
95	258
119	297
97	240
93	283
96	253
89	267
105	272
104	274
95	263
102	268
101	252
105	270
98	279
110	273
96	241
99	268
108	260
105	251
92	252
99	269
110	289
97	276
101	264
108	280
96	261
94	264
97	286
108	296
103	296
102	276
106	277
100	272
95	247
94	283
99	274
115	294
101	280
96	259
100	248
101	266
95	266
98	270
99	270
105	283
93	261
98	275
108	289
101	264
102	271
105	267
93	252
85	239
100	260
98	273
89	251
105	267
102	281
92	250
102	267
105	273
100	258
92	245
96	261
101	291
104	278
105	286
107	287
98	254
100	255
86	237
107	285
106	280
96	261
99	258
105	252
100	254
106	300
90	252
103	288
100	266
97	264
102	263
100	272
102	285
100	270
104	282
99	275
88	228
97	257
105	292
100	255
105	273
98	256
100	270
109	275
113	286
101	263
93	257
96	256
104	270
99	287
93	259
92	252
97	278
99	264
110	287
95	257
100	261
102	259
92	272
104	281
102	268
103	264
98	265
107	280
99	245
102	298
95	270
99	264
105	294
103	288
98	268
99	271
107	288
97	283
104	286
108	285
103	281
100	290
93	269
106	281
102	266
99	259
105	268
100	278
99	277
94	248
98	273
107	262
100	275
107	267
104	268
104	265
105	283
90	249
109	272
103	291
102	260
100	286
100	277
100	251
101	271
101	265
103	266
100	285
100	266
103	269
102	262
101	278
101	269
94	257
103	264
103	261
97	254
108	277
105	279
103	274
106	281
95	261
96	265
100	258
102	282
96	247
109	271
100	282
97	269
113	285
97	251
94	264
92	258
103	258
101	288
97	275
107	297
100	259
98	272
101	273
106	276
90	268
97	273
92	237
97	266
101	281
108	270
96	272
100	263
104	278
99	240
99	266
98	276
96	250
90	242
107	281
99	258
94	263
99	283
103	272
92	250
102	276
101	270
94	242
102	257
100	282
103	271
103	251
101	265
102	284
110	287
102	259
104	281
101	270
100	249
104	273
97	252
100	248
94	256
97	272
104	258
102	253
98	255
106	261
100	252
101	293
91	240
98	267
103	276
106	280
99	287
98	251
105	282
101	266
104	273
100	261
94	264
104	261
101	281
99	299
95	269
106	274
101	258
101	290
106	290
92	251
100	269
99	270
95	258
101	265
110	285
110	276
103	272
102	273
101	271
101	276
92	244
92	263
99	272
100	271
108	283
105	270
101	273
103	285
94	254
100	284
92	246
100	272
94	251
95	258
104	281
105	259
97	272
104	300
88	262
95	275
100	247
99	256
110	305
96	264
106	310
88	260
91	238
91	247
105	284
109	281
90	258
105	260
105	278
103	265
114	278
97	256
108	281
97	248
96	261
105	293
102	262
89	271
101	259
96	271
102	270
100	276
95	269
105	287
90	256
92	251
94	253
100	264
107	287
98	262
98	260
96	266
98	293
100	262
103	277
104	285
93	283
101	272
103	283
99	254
99	274
99	262
100	297
97	261
103	288
103	272
99	287
96	262
105	283
99	277
96	256
111	270
113	292
93	267
96	272
103	298
100	263
108	280
108	291
106	291
102	267
102	268
102	269
110	288
115	279
101	269
95	277
105	278
108	282
97	279
102	265
105	270
102	281
96	241
98	258
98	267
98	274
105	273
105	277
101	267
105	281
99	244
117	304
92	241
106	280
102	290
102	263
91	246
108	285
112	295
99	268
98	271
99	282
100	283
99	256
98	278
93	263
100	261
107	289
103	252
97	258
110	310
111	272
102	277
95	270
100	256
95	271
102	264
97	246
100	277
104	269
95	275
104	268
97	273
110	310
108	269
97	264
105	253
96	271
106	273
110	298
91	259
97	255
103	286
105	268
98	263
100	274
93	249
101	268
94	250
100	276
101	270
97	282
99	277
92	270
102	261
98	261
103	282
99	254
98	265
97	273
96	266
91	253
101	258
94	265
97	268
106	264
100	268
93	261
102	265
102	260
101	267
98	259
98	253
98	261
96	264
98	258
104	271
98	261
98	281
97	266
96	272
98	254
92	236
108	289
94	262
99	279
99	259
109	300
101	268
98	261
96	277
109	271
102	261
112	263
99	282
102	267
108	289
99	274
98	259
107	280
109	289
100	252
99	262
104	285
95	253
112	301
111	283
100	275
108	285
104	279
96	243
99	269
108	296
100	275
101	276
103	296
100	255
100	260
99	262
100	280
98	268
94	256
98	268
94	264
112	295
98	272
97	247
97	268
106	253
100	266
90	267
100	279
97	248
92	263
98	257
97	264
102	282
108	285
107	301
91	246
103	283
94	261
105	287
96	263
104	270
105	305
98	254
92	245
96	260
89	241
99	286
102	278
104	276
105	264
87	252
103	267
91	251
95	265
94	253
93	267
94	269
109	288
108	269
104	274
97	257
106	280
89	246
101	280
102	285
109	269
100	262
95	269
99	263
95	250
103	252
99	256
100	264
99	273
92	271
92	234
102	275
100	278
96	251
99	243
97	253
96	248
95	259
90	244
103	238
103	255
105	265
98	264
96	256
105	267
102	286
107	283
98	244
104	275
97	257
96	263
104	265
94	268
104	285
102	272
96	262
106	295
101	296
106	269
109	278
104	298
104	270
106	281
97	264
104	261
101	255
105	291
109	287
99	262
93	259
99	268
99	276
100	283
103	252
103	288
95	265
98	260
105	280
98	263
100	253
107	259
103	256
105	266
103	264
97	276
86	235
