763
797
791
820
726
744
805
811
781
738
754
737
765
745
747
777
802
832
764
740
762
761
803
816
762
730
795
727
776
805
765
746
778
781
769
901
782
673
818
752
855
828
713
779
762
768
746
790
873
782
775
754
775
777
752
772
780
714
771
780
770
862
793
789
743
778
754
844
839
739
827
700
783
831
767
781
745
841
817
782
830
812
788
769
830
747
801
787
831
849
805
792
829
809
802
775
771
779
756
750
815
823
805
788
805
768
803
833
763
762
825
806
790
835
790
828
804
724
840
822
840
801
868
841
816
750
783
807
811
775
789
738
799
820
806
760
721
835
788
758
864
756
759
811
812
803
800
781
783
802
827
832
788
750
751
802
733
810
756
763
747
791
799
811
773
822
789
801
796
771
740
784
780
809
774
769
765
805
817
828
762
802
844
765
808
810
814
755
789
771
819
723
755
806
809
841
832
787
815
799
793
786
840
831
778
773
777
777
809
786
824
844
733
759
856
801
811
768
857
782
837
797
815
815
817
782
835
802
775
808
751
771
774
762
810
736
790
778
752
837
787
770
802
801
755
755
753
751
781
707
781
790
853
746
765
825
769
779
806
772
786
703
757
778
795
827
759
805
801
722
793
765
769
760
689
798
815
778
796
837
845
793
830
807
785
821
777
800
749
827
797
786
790
788
815
825
821
813
805
783
737
843
852
844
807
750
811
804
805
815
796
815
765
734
802
830
821
731
749
750
781
805
796
791
716
739
723
821
831
805
795
820
829
759
802
829
755
799
811
790
794
790
843
820
757
730
776
834
755
801
806
829
822
761
766
752
759
805
820
731
805
777
743
780
771
696
826
861
813
756
793
750
817
784
815
788
713
814
741
759
751
727
868
777
734
717
803
800
763
820
803
810
770
797
802
733
750
834
768
802
819
849
765
750
765
745
838
849
732
790
768
829
833
780
812
775
818
753
864
732
847
782
823
821
802
794
852
776
778
748
759
789
797
805
786
788
713
833
827
817
790
767
766
822
834
744
822
782
797
787
794
805
793
768
745
750
746
819
769
784
813
778
793
824
809
786
755
731
806
701
851
770
787
785
817
743
757
825
778
776
820
752
783
777
748
783
844
814
790
794
778
746
836
751
844
753
786
808
772
746
815
735
706
792
805
748
796
800
752
819
768
795
754
819
785
748
817
864
800
775
795
795
795
816
795
803
765
804
768
737
838
795
787
794
720
835
751
800
799
793
807
783
847
803
815
745
825
773
819
805
715
769
780
779
796
757
781
778
782
840
788
795
774
774
762
782
764
832
735
820
838
790
749
820
752
809
785
754
803
804
781
721
798
764
770
785
792
830
828
825
745
810
763
807
747
732
813
757
811
842
782
747
774
794
812
859
773
707
738
822
817
808
777
817
793
750
769
788
758
787
791
795
829
813
778
844
804
853
791
800
828
782
765
785
768
844
775
804
853
813
778
780
776
781
805
766
732
745
837
808
780
744
789
812
816
724
747
861
840
802
822
737
824
832
875
835
829
813
771
780
850
734
729
863
806
741
802
757
792
775
821
800
808
754
801
802
782
796
874
795
758
745
745
784
826
835
824
798
770
796
745
816
765
847
850
818
744
871
855
833
817
881
756
834
782
813
735
856
813
756
837
812
843
810
805
780
772
755
771
782
799
790
806
748
769
801
713
737
755
780
734
796
790
791
806
791
806
786
817
819
775
790
776
807
805
751
760
799
778
866
856
798
768
849
812
774
787
788
766
765
779
747
722
754
747
803
797
796
753
794
883
719
776
804
845
837
794
834
763
764
707
757
779
820
792
810
783
814
801
798
757
812
759
790
830
778
786
809
765
842
755
788
814
876
749
824
779
749
743
745
779
837
817
758
828
812
763
815
818
766
780
773
826
766
711
761
789
790
774
828
841
847
799
779
790
766
791
771
787
852
808
829
814
747
796
758
736
835
799
773
763
781
723
870
800
754
750
734
770
801
847
749
784
764
857
752
867
788
717
755
840
772
788
771
833
764
784
800
855
771
825
781
767
791
843
786
790
817
794
756
759
752
754
789
811
814
781
814
845
752
780
762
779
782
712
802
746
861
763
769
829
818
788
793
773
775
753
798
782
680
757
776
738
785
786
752
811
828
848
775
830
839
713
823
787
748
811
791
814
795
750
749
783
814
780
737
787
817
803
822
864
816
799
758
768
793
789
775
805
742
786
752
706
751
794
824
760
792
787
758
796
809
775
797
806
753
798
811
785
778
766
770
764
816
745
777
819
754
794
782
790
844
814
723
810
808
739
828
765
784
771
786
770
800
780
762
826
744
785
775
790
839
827
803
824
730
804
824
812
809
828
845
850
772
780
775
785
759
805
808
816
781
813
783
806
784
780
818
808
823
753
762
790
855
793
780
853
803
745
761
792
779
877
791
752
813
798
837
843
731
810
795
779
749
805
824
740
816
779
757
825
801
791
832
743
815
803
818
793
856
791
775
765
784
791
838
841
772
796
767
838
858
759
750
750
803
831
809
832
785
747
770
791
790
789
831
792
774
806
762
781
719
781
765
799
775
814
791
750
815
798
772
829
780
803
765
810
785
814
826
812
789
795
786
795
802
806
811
775
847
783
848
798
841
766
809
828
722
808
810
745
831
722
778
796
787
740
812
842
761
742
768
812
754
802
749
772
789
810
797
818
786
835
800
813
727
803
771
785
749
791
806
719
742
832
869
753
840
824
787
782
817
705
786
838
789
832
785
769
794
806
835
836
801
787
838
814
847
849
800
810
782
709
782
794
773
800
797
778
809
800
826
770
779
835
832
832
843
822
812
770
834
848
760
769
810
775
807
764
745
802
785
780
783
807
763
858
776
725
800
842
755
866
821
761
823
843
790
721
704
807
784
753
769
808
793
743
773
781
808
792
786
769
815
775
772
815
902
809
810
804
850
756
800
818
853
850
816
759
854
833
818
851
777
820
739
825
793
789
849
795
811
803
769
866
749
834
850
785
830
741
797
796
728
810
782
801
808
779
839
780
817
820
813
754
825
828
851
800
814
758
779
774
778
829
816
788
786
769
788
787
776
809
729
793
759
829
781
856
785
836
728
831
800
839
817
784
787
747
808
832
739
782
825
798
724
756
768
724
784
773
796
823
810
829
762
765
833
860
820
793
830
748
809
779
766
766
753
788
815
746
786
775
775
790
812
813
842
777
810
783
826
777
795
765
813
821
852
813
817
811
822
831
810
817
780
720
810
815
807
818
770
801
779
739
764
772
819
803
814
805
820
695
805
759
837
740
795
776
785
865
826
790
800
753
782
839
808
759
819
765
764
839
834
771
789
796
778
857
775
786
787
793
761
771
775
798
781
785
808
784
820
778
756
749
763
783
775
783
832
803
790
814
888
804
789
752
812
810
767
783
815
834
822
818
772
864
785
832
798
809
788
776
852
846
805
805
850
827
834
814
804
793
787
830
765
822
731
750
811
764
750
782
741
831
803
769
758
815
739
813
766
761
753
790
770
850
810
808
751
819
777
764
751
752
750
805
786
779
819
824
819
770
803
833
780
779
784
835
835
828
805
816
811
797
792
808
834
826
747
793
837
751
805
822
786
745
808
773
805
832
822
793
807
866
903
757
849
767
795
779
783
827
819
819
834
774
776
831
808
792
792
805
785
796
797
788
854
792
828
805
736
794
716
811
725
783
742
796
753
805
755
780
792
745
783
794
809
792
822
745
795
796
808
848
785
855
823
866
748
754
878
816
823
852
809
821
803
793
802
815
824
789
833
797
739
808
820
772
836
789
765
766
787
768
806
869
777
765
819
831
805
832
816
818
848
785
769
777
853
836
830
795
810
792
762
774
802
866
793
838
805
875
748
842
803
795
763
842
788
777
789
750
791
743
733
838
792
734
806
796
804
756
803
786
785
766
734
781
763
800
811
812
754
754
752
816
836
810
770
780
841
836
768
829
832
789
871
808
800
792
791
819
825
859
829
817
767
843
755
832
793
785
811
757
759
747
817
801
821
792
784
760
761
